558
534
500
440
427
377
372
351
351
345
345
341
325
320
320
311
299
290
288
280
280
279
277
276
270
267
265
264
263
263
256
255
253
252
242
240
240
240
238
238
237
236
235
235
231
229
227
222
221
218
217
217
216
213
211
211
209
208
200
200
199
199
198
198
197
196
196
196
195
195
193
188
187
187
185
184
183
182
179
178
174
172
171
170
170
170
170
169
166
163
158
156
155
154
154
152
151
150
148
148
143
142
141
140
139
139
139
138
138
138
136
136
136
135
135
135
134
134
133
132
132
131
130
129
129
128
128
128
127
126
126
126
125
125
124
123
123
122
121
120
119
119
118
117
117
116
116
114
113
113
113
113
113
113
111
110
110
108
107
105
105
104
104
101
101
100
99
98
97
97
97
96
96
96
96
95
95
95
93
92
92
92
91
91
90
90
89
89
88
88
88
88
88
87
87
87
86
85
85
84
84
84
83
83
83
83
82
82
82
81
80
79
78
78
78
77
77
77
77
77
76
76
75
75
75
74
74
74
74
74
73
73
73
72
72
72
72
72
72
71
71
71
71
71
71
70
70
70
69
69
69
69
68
68
68
68
68
68
67
67
66
66
65
65
65
64
64
62
62
62
62
61
61
61
60
60
60
59
59
59
59
59
59
59
59
58
58
58
58
57
57
57
57
57
57
56
56
56
56
55
55
55
55
54
54
54
54
54
54
53
53
53
53
52
52
52
52
52
52
51
51
51
51
51
51
50
50
50
50
50
49
49
49
49
48
48
48
48
48
48
48
48
48
48
47
47
47
47
47
47
47
46
46
46
45
45
45
45
45
45
45
44
44
44
44
44
44
43
43
43
43
42
42
42
42
42
42
42
42
42
41
41
41
41
41
41
41
41
40
40
40
40
40
40
40
40
40
39
39
39
39
39
39
39
39
39
39
39
38
38
38
38
38
38
37
37
37
37
37
37
37
37
37
36
36
36
36
36
36
35
35
35
35
35
35
35
35
35
35
35
34
34
34
34
34
34
34
34
34
34
33
33
33
33
33
33
33
33
33
33
33
32
32
32
32
32
32
32
32
32
31
31
31
31
31
31
31
31
31
31
31
31
30
30
30
30
30
30
30
30
30
30
29
29
29
29
29
29
29
29
29
29
29
29
29
29
28
28
28
28
28
28
28
28
28
28
28
28
28
27
27
27
27
27
27
27
27
27
27
27
27
27
27
27
27
27
27
26
26
26
26
26
26
26
26
26
26
26
26
26
26
26
25
25
25
25
25
25
25
25
25
25
25
25
24
24
24
24
24
24
24
24
24
23
23
23
23
23
23
23
23
23
23
22
22
22
22
22
22
22
22
22
22
22
22
22
22
22
22
22
22
22
21
21
21
21
21
21
21
21
21
21
21
21
21
21
20
20
20
20
20
20
20
20
20
20
20
20
20
20
20
20
20
20
20
20
19
19
19
19
19
19
19
19
19
19
19
19
19
19
19
19
19
18
18
18
18
18
18
18
18
18
18
18
17
17
17
17
17
17
17
17
17
17
17
17
17
17
17
17
17
17
17
17
17
17
17
17
16
16
16
16
16
16
16
16
16
16
16
16
16
16
16
16
16
16
16
15
15
15
15
15
15
15
15
15
15
15
15
15
15
15
15
15
15
15
15
15
15
15
15
15
15
15
15
15
14
14
14
14
14
14
14
14
14
14
14
14
14
14
14
14
14
14
14
14
14
13
13
13
13
13
13
13
13
13
13
13
13
13
13
13
13
13
13
13
13
13
13
13
13
12
12
12
12
12
12
12
12
12
12
12
12
12
12
12
12
12
12
12
12
12
12
12
12
12
12
12
12
12
12
11
11
11
11
11
11
11
11
11
11
11
11
11
11
11
11
11
11
11
11
11
11
11
11
11
11
11
11
11
11
10
10
10
10
10
10
10
10
10
10
10
10
10
10
10
10
10
10
10
10
10
10
10
10
10
10
10
10
10
9
9
9
9
9
9
9
9
9
9
9
9
9
9
9
9
9
9
9
9
9
9
9
9
9
9
9
9
9
9
9
9
9
9
9
9
9
9
9
8
8
8
8
8
8
8
8
8
8
8
8
8
8
8
8
8
8
8
8
8
8
8
8
8
8
8
8
8
8
8
8
8
8
8
8
8
8
8
8
8
8
8
8
8
8
8
8
7
7
7
7
7
7
7
7
7
7
7
7
7
7
7
7
7
7
7
7
7
7
7
7
7
7
7
7
7
7
7
7
7
7
7
7
7
7
7
7
7
6
6
6
6
6
6
6
6
6
6
6
6
6
6
6
6
6
6
6
6
6
6
6
6
6
6
6
6
6
6
6
6
6
6
6
6
6
6
6
6
6
6
6
6
6
6
6
6
6
6
6
6
6
5
5
5
5
5
5
5
5
5
5
5
5
5
5
5
5
5
5
5
5
5
5
5
5
5
5
5
5
5
5
5
5
5
5
5
5
5
5
5
5
5
5
5
5
5
5
5
5
5
5
5
5
5
5
5
5
5
5
5
5
5
5
5
5
5
5
5
5
4
4
4
4
4
4
4
4
4
4
4
4
4
4
4
4
4
4
4
4
4
4
4
4
4
4
4
4
4
4
4
4
4
4
4
4
4
4
4
4
4
4
4
4
4
4
4
4
4
4
4
4
4
4
4
4
4
4
4
4
4
4
4
4
4
4
4
4
4
4
4
4
4
4
4
4
4
4
4
4
4
4
4
4
4
4
4
4
4
4
4
4
4
4
4
4
4
4
4
4
4
4
4
4
4
4
4
4
4
4
4
4
3
3
3
3
3
3
3
3
3
3
3
3
3
3
3
3
3
3
3
3
3
3
3
3
3
3
3
3
3
3
3
3
3
3
3
3
3
3
3
3
3
3
3
3
3
3
3
3
3
3
3
3
3
3
3
3
3
3
3
3
3
3
3
3
3
3
3
3
3
3
3
3
3
3
3
3
3
3
3
3
3
3
3
3
3
3
3
3
3
3
3
3
3
3
3
3
3
3
3
3
3
3
3
3
3
3
3
3
3
3
3
3
3
3
3
3
3
3
3
2
2
2
2
2
2
2
2
2
2
2
2
2
2
2
2
2
2
2
2
2
2
2
2
2
2
2
2
2
2
2
2
2
2
2
2
2
2
2
2
2
2
2
2
2
2
2
2
2
2
2
2
2
2
2
2
2
2
2
2
2
2
2
2
2
2
2
2
2
2
2
2
2
2
2
2
2
2
2
2
2
2
2
2
2
2
2
2
2
2
2
2
2
2
2
2
2
2
2
2
2
2
2
2
2
2
2
2
2
2
2
2
2
2
2
2
2
2
2
2
2
2
2
2
2
2
2
2
2
2
2
2
2
2
2
2
2
2
2
2
2
2
2
2
2
2
2
2
2
2
2
2
2
2
2
2
2
2
2
2
2
2
2
2
2
2
2
2
2
2
2
2
1
1
1
1
1
1
1
1
1
1
1
1
1
1
1
1
1
1
1
1
1
1
1
1
1
1
1
1
1
1
1
1
1
1
1
1
1
1
1
1
1
1
1
1
1
1
1
1
1
1
1
1
1
1
1
1
1
1
1
1
1
1
1
1
1
1
1
1
1
1
1
1
1
1
1
1
1
1
1
1
1
1
1
1
1
1
1
1
1
1
1
1
1
1
1
1
1
1
1
1
1
1
1
1
1
1
1
1
1
1
1
1
1
1
1
1
1
1
1
1
1
1
1
1
1
1
1
1
1
1
1
1
1
1
1
1
1
1
1
1
1
1
1
1
1
1
1
1
1
1
1
1
1
1
1
1
1
1
1
1
1
1
1
1
1
1
1
1
1
1
1
1
1
1
1
1
1
1
1
1
1
1
1
1
1
1
1
1
1
1
1
1
1
1
1
1
1
1
1
1
1
1
1
1
1
1
1
1
1
1
1
1
1
1
1
1
1
1
1
1
1
1
1
1
1
1
1
1
1
1
1
1
1
1
1
1
1
1
1
1
1
1
1
1
1
1
1
1
1
1
1
1
1
1
1
1
1
1
1
1
1
1
1
1
1
1
1
1
1
1
1
1
1
1
1
1
1
1
1
1
1
1
1
1
1
1
1
1
1
1
1
1
1
1
1
1
1
1
1
1
1
1
1
1
1
1
1
1
1
1
1
1
1
1
1
1
1
1
1
1
1
1
1
1
1
1
1
1
1
1
1
1
1
1
1
1
1
1
1
1
0
0
0
0
0
0
0
0
0
0
0
0
0
0
0
0
0
0
0
0
0
0
0
0
0
0
0
0
0
0
0
0
0
0
0
0
0
0

W: 1624 372 105 398 281 48 1713 249 557 95 341 12 474 9 1313 1339 697 652 431 479 719 1168 725 1756 456 1285 1543 1042 367 337 199 357 544 1781 224 1253 810 346 1034 415 234 19 1601 1332 1079 1783 1052 1866 1362 155 1340 645 1686 1626 733 492 1349 271 755 1758 1509 1868 1657 1093 520 1557 1727 1500 812 1811 1398 1700 1878 93 1772 1408 1075 1518 1864 1175 1716 805 1678 1862 1871 1704 103 454 475 605 598 72 569 389 495 128 536 711 297 97 1189 392 1402 823 482 1283 758 713 753 396 368 212 378 1280 1381 1343 393 835 242 73 437 928 513 236 765 969 233 429 538 353 460 843 1246 831 355 409 639 448 621 878 673 527 809 1127 766 938 595 1580 514 365 1540 26 311 391 375 799 402 1018 919 792 592 1184 504 975 560 376 1493 314 1117 407 1489 1542 371 278 1244 1014 445 1050 952 1412 798 1359 874 1111 988 818 473 761 1209 864 1005 1354 1268 466 1377 385 1163 1352 508 489 461 323 32 679 308 63 42 1255 626 27 783 1281 1312 638 561 8 498 263 704 712 1118 41 654 1644 683 175 144 250 644 615 317 1138 640 288 884 52 463 1039 708 599 1406 1033 101 388 523 1181 1338 701 343 596 1036 1021 44 1585 1068 1387 1724 576 814 540 132 358 1423 1132 439 1142 632 990 58 135 209 1103 90 339 1675 993 603 1153 859 964 1395 915 1105 794 1130 1308 1487 1373 1648 992 852 871 61 332 1641 1789 739 1083 140 307 1771 1131 180 494 1730 1792 56 1573 1069 724 487 404 1655 606 995 1444 1731 716 81 1831 1485 1100 1463 129 899 674 927 1421 1123 675 1051 585 1104 96 1353 1124 1099 624 563 1107 577 1102 1146 1129 1625 254 502 6 834 313 74 1260 509 405 394 447 260 483 1237 546 1136 468 1676 1836 465 1013 771 1291 782 291 480 1526 1397 354 335 1738 134 164 828 316 302 252 1 67 1190 781 352 1271 1110 840 1346 986 762 152 1248 721 256 274 86 46 617 277 1072 525 462 1231 1647 3 282 1565 1026 1344 503 1434 36 817 1665 1342 788 868 379 1282 1554 1436 710 593 143 85 1497 1384 1029 1234 1215 1629 893 1178 1548 1546 537 70 1299 1742 1737 757 1775 1195 1739 1652 1074 1733 1530 194 734 547 1236 299 983 607 1302 997 1217 779 318 518 1488 1295 1006 659 582 1608 1568 163 801 1598 1304 1619 974 967 1238 678 819 865 1426 886 1673 1376 861 1561 1504 583 926 109 168 1403 1365 1796 319 1393 924 1510 154 1839 1749 773 1859 1808 1865 345 1419 1452 1578 1161 1788 1649 950 686 1056 793 578 176 830 609 586 681 142 1297 658 991 1284 588 80 1440 1379 1520 1433 1214 984 543 173 1577 300 1252 118 998 1420 366 1121 689 1080 66 1286 1639 1763 1188 857 634 400 642 1158 124 741 847 309 646 749 356 1310 359 1187 1786 1679 651 951 34 177 88 1185 1183 1196 994 127 601 1545 1317 386 802 1169 149 1642 244 315 477 190 901 740 636 120 294 1646 1062 699 978 1265 1279 151 76 121 472 1521 1467 1401 295 1501 1323 1637 78 1206 20 1261 977 1380 10 1198 1621 235 1752 507 1579 296 822 221 276 1417 1491 1468 787 589 660 542 289 50 422 321 214 1472 549 966 1023 912 1517 469 425 29 698 1070 870 361 808 923 1319 1852 1076 283 324 215 322 69 954 534 1071 571 574 1728 738 727 1748 627 1316 853 1762 1587 1431 1091 325 481 687 413 220 432 913 635 838 1336 1750 1298 204 728 1603 286 245 1375 1097 449 501 553 457 1413 1000 1273 735 1582 943 443 1848 657 1553 1879 1627 600 1870 1046 1712 1804 145 272 649 777 1415 700 949 1060 971 959 1364 848 1717 858 306 1616 774 1041 53 973 903 428 1182 1113 342 1269 797 567 511 770 873 1854 768 1227 1173 1287 1688 1272 1744 1773 1765 1461 349 99 590 1734 1166 211 841 1350 329 815 183 166 1778 451 1078 114 410 806 1207 1435 434 111 1383 1636 1690 1875 1872 298 1437 390 1881 1002 193 539 1326 1137 1374 1407 102 312 616 1306 747 257 377 167 1669 1356 470 1179 1566 1514 1680 1017 1755 1447 1814 856 1720 944 1523 821 780 241 807 328 1869 62 228 30 185 795 98 1329 1216 1256 908 688 344 587 731 267 441 554 932 1334 920 917 1043 181 338 940 778 942 496 363 1668 1369 467 68 1167 75 594 266 1066 418 1741 203 591 1480 620 1667 60 440 625 726 881 350 442 1698 1032 573 303 84 1562 1474 259 980 1262 488 1576 351 1290 1303 430 611 883 1045 677 1223 71 106 191 174 800 1522 1335 336 184 667 1059 1438 619 559 424 1630 714 172 933 1049 1213 1367 51 1004 706 970 934 1513 548 1267 629 1409 715 612 1378 493 685 532 285 1224 423 882 1551 921 1240 1623 1327 1898 131 999 334 248 484 497 1001 327 602 1583 104 305 1370 261 1315 1054 1556 1539 1681 1235 1044 1479 824 1211 239 869 555 269 1294 643 1325 1270 57 1264 1063 1391 1386 1617 1449 161 1186 545 1241 1441 720 1101 87 370 641 38 362 751 842 1165 666 1588 1154 535 696 737 1528 1476 1028 1661 1263 1311 399 162 401 340 736 119 1507 1289 597 387 760 416 1037 1038 1892 963 54 1516 752 1245 219 732 965 94 785 723 1328 568 226 1416 1725 961 160 438 570 1065 1671 939 608 575 1424 885 1114 1606 1400 1031 981 1199 147 958 1355 746 198 1274 1203 201 1035 1396 1508 1586 517 832 79 47 1176 1475 1019 1446 622 1550 1740 811 1656 1584 333 551 1533 789 851 1194 614 1454 1399 1694 373 996 421 1047 395 1807 125 237 243 1791 1081 1785 1174 516 962 580 453 310 273 146 435 290 301 754 374 790 43 669 1534 1226 1414 767 1653 414 1425 1009 1876 953 1162 1220 1025 1382 1429 225 562 110 1300 1371 1492 1177 956 403 1799 985 222 647 776 1247 189 705 1040 515 280 186 610 541 1754 1022 247 1527 1535 408 1171 680 1120 1010 1632 1058 1496 1594 1292 1443 1605 100 846 791 137 1592 1815 326 1242 1422 1800 1368 925 1320 133 1486 364 1860 676 1202 1746 1405 1180 1611 1090 1361 1358 1721 171 1502 1503 485 232 1233 866 522 1064 91 1249 1321 935 433 255 1427 1239 521 1723 1314 1077 552 867 1638 1254 83 1793 618 1288 1784 1564 1893 1094 227 1126 1228 836 206 1259 581 1736 1888 1569 829 941 1225 898 1575 384 304 1555 427 526 979 258 275 1258 1663 347 1490 348 25 1082 1537 876 1243 936 205 1219 1003 1552 1572 972 1172 655 1305 1670 1570 662 945 1218 1732 1677 1442 1008 1410 1128 786 709 264 1801 826 1602 426 665 1802 187 1897 1798 1797 1030 1658 1596 1896 1205 796 1439 1061 1812 968 1874 268 1614 1895 1087 1119 5 1532 1844 229 1140 1089 1672 1333 1331 1590 1155 1780 845 1159 918 837 631 1404 827 648 
